((("videoBofang" .
   [0 0 0 0 0 1 0 0 0 0 0])
  ("videoContent" .
   [0 0 1 0 0 0 0 1 0 0 0 0])
  ("输入编号" .
   [2 0 0 0])
  ("落地羽毛" .
   [1 0 0 0])
  ("pointer" .
   [0 0 0 0 1 0 0])
  ("cursor" .
   [0 0 0 1 0 0])
  ("fadeIn" .
   [0 0 1 0 0 0])
  ("800" .
   [1 0 0])
  ("topdiv" .
   [1 0 0 0 0 0])
  ("222" .
   [1 0 0])
  ("hand" .
   [1 0 0 0])
  ("bottom" .
   [2 0 0 0 0 0])
  ("template" .
   [0 0 0 0 1 0 0 0])
  ("currentPage" .
   [0 0 0 0 1 0 0 0 0 0 0])
  ("blue" .
   [1 0 0 1])
  ("ml20" .
   [1 0 0 0])
  ("mt20" .
   [0 0 1 0])
  ("gif" .
   [1 0 0])
  ("file" .
   [5 0 0 0])
  ("td" .
   [1 0])
  ("th" .
   [1 0])
  ("table" .
   [4 0 0 0 0])
  ("e3831f" .
   [1 0 0 0 0 0])
  ("xjzshow-content-box" .
   [0 0 0 0 0 0 2 0 0 0 0 0 0 0 0 0 0 0 0])
  ("xjzshow-profile-box" .
   [0 0 0 0 0 0 1 0 0 0 0 0 0 0 0 0 0 0 0])
  ("jiText" .
   [0 0 0 0 1 0])
  ("each" .
   [1 0 0 0])
  ("split" .
   [0 0 0 0 1])
  ("ff6464" .
   [1 0 0 0 0 0])
  ("yi" .
   [1 0])
  ("elem" .
   [0 0 1 0])
  ("item" .
   [2 0 0 0])
  ("entry" .
   [1 0 0 0 0])
  ("yiText" .
   [0 0 1 0 3 0])
  ("forEach" .
   [0 0 0 0 1 0 0])
  ("replace" .
   [0 0 0 1 0 1 0])
  ("length" .
   [1 0 0 1 1 0])
  ("obj" .
   [11 0 0])
  ("new" .
   [1 0 0])
  ("arr" .
   [2 0 0])
  ("var" .
   [8 0 0])
  ("status" .
   [2 0 0 0 0 0])
  ("data" .
   [10 0 0 0])
  ("hdjr-left-box" .
   [0 0 0 1 0 0 0 0 0 0 0 0 0])
  ("borderb1s" .
   [5 0 0 0 0 0 0 0 0])
  ("borderb1dashed" .
   [0 0 0 2 0 0 0 0 0 0 0 0 0 0])
  ("hssy-bottom-right-small-box2" .
   [9 0 0 0 0 0 0 0 0 0 0 0 0 0 0 0 0 0 0 0 0 0 0 0 0 0 0 0])
  ("hssy-bottom-right-small-box1" .
   [0 0 0 0 1 0 0 1 0 0 0 0 0 0 0 0 0 0 0 0 0 0 0 0 0 0 0 0])
  ("hssy-bottom-right-box" .
   [0 0 0 0 0 0 0 1 0 0 0 0 0 0 0 0 0 0 0 0 0])
  ("lh20" .
   [2 0 2 0])
  ("he20" .
   [1 0 1 0])
  ("css" .
   [2 0 0])
  ("document" .
   [0 0 0 0 2 0 0 0])
  ("pt2" .
   [8 0 0])
  ("pt5" .
   [3 0 1])
  ("plr9" .
   [3 0 0 1])
  ("plr10" .
   [3 0 0 0 0])
  ("mt30" .
   [6 0 0 0])
  ("mr20" .
   [9 0 0 0])
  ("ml-1" .
   [5 0 1 2])
  ("plr35" .
   [2 0 3 1 0])
  ("mt-1" .
   [5 0 0 0])
  ("mt-2" .
   [3 0 0 0])
  ("閻滈鍞\216" .
   [4 0 0])
  ("妤\2743000" .
   [1 0 0 0 0])
  ("siblings" .
   [0 0 0 3 0 0 0 0])
  ("addClass" .
   [0 0 0 3 1 1 0 0])
  ("parent" .
   [1 0 0 0 0 0])
  ("attr" .
   [1 0 0 0])
  ("ml15" .
   [2 0 0 0])
  ("mt15" .
   [2 0 0 0])
  ("children" .
   [0 0 0 0 0 1 0 0])
  ("+this" .
   [1 0 0 0 0])
  ("jxtj-select" .
   [0 0 0 0 1 1 0 1 1 0 0])
  ("removeClass" .
   [0 0 0 1 3 1 0 0 0 0 0])
  ("jxtj" .
   [4 0 0 0])
  ("274px" .
   [2 0 0 0 0])
  ("select" .
   [1 0 0 0 0 0])
  ("selectdate" .
   [0 0 0 0 0 0 0 0 1 0])
  ("hide" .
   [4 0 0 1])
  ("23px" .
   [1 0 0 0])
  ("*margin-left" .
   [0 0 0 0 0 0 0 0 0 0 1 0])
  ("*margin" .
   [0 0 0 0 1 1 0])
  ("mt10" .
   [1 0 0 0])
  ("delete" .
   [1 0 0 1 0 0])
  ("colorgray" .
   [0 0 0 0 1 0 0 1 0])
  ("235px" .
   [0 0 2 0 0])
  ("20" .
   [3 0])
  ("15" .
   [3 0])
  ("7px" .
   [1 0 0])
  ("mr7" .
   [3 0 0])
  ("ml7" .
   [3 0 0])
  ("stylecolor" .
   [0 0 0 0 0 0 0 2 1 0])
  ("pb10" .
   [2 0 0 0])
  ("pt10" .
   [13 0 1 0])
  ("plr8" .
   [0 0 1 2])
  ("80px" .
   [1 0 0 0])
  ("yqlj-top-box" .
   [0 0 0 0 0 0 0 1 1 0 0 0])
  ("absolute" .
   [0 0 1 0 2 0 0 0])
  ("8px" .
   [1 0 0])
  ("b" .
   [1])
  ("background-image" .
   [0 0 0 0 1 0 0 0 0 0 0 0 0 0 1 0])
  ("yqljcontainer" .
   [0 0 0 0 0 0 0 2 0 0 0 0 0])
  ("pl20" .
   [0 0 1 0])
  ("font16" .
   [2 0 0 1 0 0])
  ("yqlj-bottom-box" .
   [0 0 0 0 0 0 0 0 1 0 0 0 0 0 0])
  ("yqlj" .
   [3 0 0 1])
  ("hssy-top-box" .
   [0 0 0 3 0 0 0 0 0 0 0 0])
  ("yellow" .
   [0 0 0 1 0 1])
  ("hover" .
   [4 0 0 0 0])
  ("visited" .
   [0 0 0 0 1 1 0])
  ("dev" .
   [0 0 2])
  ("myjhgs-box" .
   [0 0 1 1 1 0 0 0 0 0])
  ("none" .
   [10 0 1 0])
  ("text-decoration" .
   [0 0 0 0 0 0 0 10 0 0 0 0 0 0 0])
  ("link" .
   [4 0 0 0])
  ("more" .
   [3 0 0 0])
  ("0em" .
   [1 0 0])
  ("Microsoft" .
   [0 0 0 1 0 0 0 0 0])
  ("content" .
   [2 0 0 0 0 0 0])
  ("25" .
   [3 0])
  ("16px" .
   [1 0 0 0])
  ("text-indent" .
   [0 0 1 0 0 0 1 0 0 0 0])
  ("talign" .
   [0 0 2 6 1 0])
  ("align" .
   [0 0 2 0 0])
  ("borderr1s" .
   [0 0 0 5 0 0 0 2 0])
  ("border-right" .
   [0 0 0 0 0 0 0 0 1 0 0 0])
  ("border1s" .
   [2 0 0 1 0 0 0 2])
  ("margin-left" .
   [2 0 0 0 0 0 0 0 0 5 1])
  ("logoloc" .
   [1 0 0 0 0 0 0])
  ("2px" .
   [2 0 0])
  ("245px" .
   [1 0 0 0 0])
  ("logo" .
   [1 0 0 0])
  ("jpg" .
   [5 0 0])
  ("statics" .
   [1 0 0 0 0 0 0])
  ("com" .
   [1 0 0])
  ("longxihui" .
   [0 0 0 0 0 0 0 1 0])
  ("www" .
   [1 0 0])
  ("26px" .
   [1 0 0 0])
  ("e3e3e3" .
   [0 0 4 1 0 0])
  ("娑揬200娑擃厼鐣奸柇\270" .
   [0 0 2 0])
  ("12px" .
   [1 0 0 0])
  ("bold" .
   [1 0 0 0])
  ("font-weight" .
   [0 0 0 0 0 0 2 0 0 0 0])
  ("addr" .
   [1 0 0 0])
  ("font" .
   [4 0 0 2])
  ("0311-852-4561" .
   [0 0 0 0 0 1 0 0 0 0 0 0 0])
  ("48px" .
   [1 0 0 0])
  ("font-size" .
   [0 0 0 0 0 0 5 0 2])
  ("contact" .
   [0 0 0 0 1 0 1])
  ("title" .
   [2 0 0 1 0])
  ("busiprofile-box" .
   [0 0 0 0 1 0 0 0 0 0 0 0 0 0 0])
  ("500px" .
   [1 0 0 0 0])
  ("busidetail-box" .
   [0 0 0 0 1 0 0 0 0 0 0 0 0 0])
  ("1000px" .
   [1 0 0 0 0 0])
  ("body" .
   [0 0 0 1])
  ("閹藉嫬濂栫拋鍝勬涧2" .
   [1 0 0 0 0])
  ("閹藉嫬濂栫拋鍝勬涧3" .
   [2 0 0 0 0])
  ("relative" .
   [0 0 1 1 3 0 1 0])
  ("position" .
   [1 0 0 1 5 0 2 0])
  ("li" .
   [12 0])
  ("ul" .
   [2 0])
  ("nav" .
   [3 0 0])
  ("web-mode-css-priority-face" .
   [0 0 0 0 0 0 0 0 0 0 0 0 0 0 0 0 1 0 0 0 0 0 0 0 0 0])
  ("web-mode-css-function-face" .
   [0 0 0 0 0 0 0 0 0 0 0 0 0 0 0 0 1 0 0 0 0 0 0 0 0 0])
  ("web-mode-css-property-name-face" .
   [0 0 0 0 0 0 0 0 0 0 0 0 0 0 0 0 1 0 0 0 0 0 0 0 0 0 0 0 0 0 0])
  ("web-mode-css-at-rule-face" .
   [0 0 0 0 0 0 0 0 0 0 0 0 0 0 0 1 0 0 0 0 0 0 0 0 0])
  ("web-mode-json-comment-face" .
   [0 0 0 0 0 0 0 0 0 0 0 0 0 1 0 0 0 0 0 0 0 0 0 0 0 0])
  ("web-mode-json-string-face" .
   [0 0 0 0 0 0 0 0 0 0 0 0 0 1 0 0 0 0 0 0 0 0 0 0 0])
  ("web-mode-json-context-face" .
   [0 0 0 0 0 0 0 0 0 0 0 0 0 1 0 0 0 0 0 0 0 0 0 0 0 0])
  ("web-mode-json-key-face" .
   [0 0 0 0 0 0 0 0 0 0 0 0 1 0 0 0 0 0 0 0 0 0])
  ("web-mode-html-tag-custom-face" .
   [0 0 0 0 0 0 0 0 0 0 0 0 0 0 0 0 1 0 0 0 0 0 0 0 0 0 0 0 0])
  ("web-mode-html-attr-equal-face" .
   [0 0 0 0 0 0 0 0 0 0 0 0 0 0 0 0 0 0 0 0 0 1 0 0 0 0 0 0 0])
  ("web-mode-html-attr-value-face" .
   [0 0 0 0 0 0 0 0 0 0 0 0 0 0 0 0 0 0 0 0 0 1 0 0 0 0 0 0 0])
  ("web-mode-html-attr-name-face" .
   [0 0 0 0 0 0 0 0 0 0 0 0 0 0 0 0 0 1 0 0 0 0 0 0 0 0 0 0])
  ("web-mode-html-tag-bracket-face" .
   [0 0 0 0 0 0 0 0 0 0 0 0 0 0 0 0 1 0 0 0 0 0 0 0 0 0 0 0 0 0])
  ("web-mode-html-tag-face" .
   [0 0 0 0 0 0 0 0 0 0 0 0 0 0 0 0 1 0 0 0 0 0])
  ("web-mode-doctype-face" .
   [0 0 0 0 0 0 0 0 0 0 0 0 1 0 0 0 0 0 0 0 0])
  ("web-mode-whitespace-face" .
   [0 0 0 0 0 0 0 0 0 0 0 0 0 0 1 0 0 0 0 0 0 0 0 0])
  ("web-mode" .
   [1 0 1 4 1 0 3 1])
  ("web-mode-warning-face" .
   [0 0 0 0 0 0 0 0 0 0 0 0 1 0 0 0 0 0 0 0 0])
  ("alert" .
   [22 0 1 0 1])
  ("in" .
   [1 0])
  ("for" .
   [1 0 0])
  ("html" .
   [3 0 0 0])
  ("auto" .
   [1 0 1 0])
  ("false" .
   [1 0 0 0 0])
  ("function" .
   [0 0 0 8 5 2 0 0])
  ("auto_flick" .
   [0 0 0 0 2 1 0 1 0 0])
  ("settings" .
   [0 0 0 1 2 0 0 0])
  ("flicker_auto" .
   [0 0 0 0 0 0 0 0 0 0 1 0])
  ("auto_flick_stop" .
   [0 0 0 0 1 1 0 0 0 0 0 0 0 0 0])
  ("f" .
   [1])
  ("clearInterval" .
   [0 0 0 0 0 1 0 0 0 0 0 0 0])
  ("special" .
   [0 0 0 1 0 1 0])
  ("javascrpit" .
   [0 0 2 3 3 1 0 0 0 0])
  ("type" .
   [4 0 1 1])
  ("flicker-example" .
   [0 0 0 0 0 0 0 0 0 1 4 0 0 0 0])
  ("hjj" .
   [2 0 0])
  ("hjjTiMingJiang" .
   [0 0 0 0 0 0 0 0 0 1 0 0 0 0])
  ("957px" .
   [2 0 0 0 0])
  ("1440px" .
   [1 0 0 0 0 0])
  ("text" .
   [9 0 4 9])
  ("c-box" .
   [0 0 0 0 1])
  ("493px" .
   [1 0 0 0 0])
  ("background-size" .
   [0 0 0 0 0 0 0 0 0 0 0 0 1 1 0])
  ("2635px" .
   [1 0 0 0 0 0])
  ("r-box" .
   [1 0 0 0 0])
  ("t-box" .
   [2 0 0 0 0])
  ("240px" .
   [2 0 0 0 0])
  ("top" .
   [6 0 0])
  ("right" .
   [2 0 1 1 0])
  ("http" .
   [2 0 0 0])
  ("no-repeat" .
   [0 0 2 0 0 3 0 0 0])
  ("hjjLeft" .
   [0 0 0 0 0 0 1])
  ("l-box" .
   [1 0 0 1 1])
  ("100%" .
   [17 0 0 2])
  ("container" .
   [0 0 0 0 5 1 1 0 0])
  ("fl" .
   [12 0])
  ("493" .
   [2 0 0])
  ("pl" .
   [1 0])
  ("pad-left" .
   [0 0 0 1 0 0 0 0])
  ("pr10" .
   [3 0 0 0])
  ("img" .
   [13 0 1])
  ("pl5" .
   [1 0 0])
  ("padding-left" .
   [2 0 0 0 0 0 0 0 0 0 3 0])
  ("valign" .
   [2 0 0 3 5 0])
  ("order" .
   [1 0 0 0 0])
  ("border-bottom" .
   [0 0 0 0 0 0 0 0 1 1 0 0 0])
  ("borderBottom" .
   [0 0 2 3 0 0 0 0 3 0 0 0])
  ("padding-bottom" .
   [0 0 0 0 0 0 0 0 0 0 2 0 0 0])
  ("my-element" .
   [0 0 1 0 0 0 0 0 0 0])
  ("polymer" .
   [0 0 1 1 0 0 0])
  ("strCourt" .
   [0 0 0 0 1 0 0 0])
  ("linkedList" .
   [0 0 1 2 0 0 0 0 0 0])
  ("parent_id" .
   [0 0 2 0 0 0 0 0 0])
  ("parent__id" .
   [0 0 0 1 0 0 0 0 0 0])
  ("object" .
   [0 0 0 1 0 0])
  ("self" .
   [1 0 0 0])
  ("objects" .
   [3 0 0 0 0 0 0])
  ("models" .
   [0 0 1 0 0 0])
  ("home" .
   [1 0 0 0])
  ("path" .
   [1 0 0 0])
  ("os" .
   [1 0])
  ("None" .
   [0 0 0 1])
  ("count" .
   [1 0 0 0 0])
  ("debug" .
   [1 0 6 0 1])
  ("logging" .
   [0 0 0 3 5 0 0])
  ("clear" .
   [0 0 0 2 0])
  ("dictKV" .
   [0 0 0 0 0 4])
  ("HttpResponse" .
   [0 0 0 0 0 0 2 0 0 0 0 0])
  ("except" .
   [0 0 0 1 0 1])
  ("tr" .
   [1 0])
  ("init-flymake" .
   [0 0 0 0 0 0 0 0 1 0 0 0])
  ("require" .
   [0 0 1 2 0 0 0])
  ("defcustom" .
   [0 0 0 0 0 1 0 0 0])
  ("NSInteger" .
   [0 0 0 0 2 0 0 0 0])
  ("screenHeight" .
   [0 0 0 1 0 0 0 0 0 0 0 0])
  ("screenWidth" .
   [0 0 1 0 0 0 0 0 0 0 0])
  ("NSLog" .
   [0 0 0 1 1])
  ("message" .
   [1 0 0 0 0 0 0])
  ("webView" .
   [1 0 0 0 0 0 1])
  ("void" .
   [1 0 0 0])
  ("w" .
   [2])
  ("setq-default" .
   [0 0 0 0 0 0 1 0 0 0 0 0])
  ("setq" .
   [1 0 0 0])
  ("add-to-list" .
   [0 0 0 0 0 0 0 0 0 0 1])
  ("4" .
   [2])
  ("5" .
   [1])
  ("section" .
   [1 0 0 1 0 0 0])
  ("add-hook" .
   [0 0 0 1 0 0 0 0])
  ("w3m-mode-hook" .
   [0 0 0 0 0 0 2 0 0 0 0 0 0])
  ("lambda" .
   [0 0 1 2 1 0])
  ("local-set-key" .
   [0 0 0 0 0 0 0 1 0 0 1 0 0])
  ("kbd" .
   [3 0 0])
  ("prog-mode-hook" .
   [0 0 0 0 0 0 0 1 0 0 0 0 0 0])
  ("define-key" .
   [0 0 0 0 0 0 2 0 0 0])
  ("w3m-mode-map" .
   [0 0 0 0 0 0 2 0 0 0 0 0])
  ("w3m-previous-buffer" .
   [0 0 0 0 0 0 0 1 0 0 0 0 0 0 0 0 0 0 0])
  ("w3m-next-buffer" .
   [0 0 0 0 0 0 1 0 0 0 0 0 0 0 0])
  ("@interface" .
   [0 0 0 1 0 0 0 0 0 0])
  ("t" .
   [3])
  ("NSObjectFileImage" .
   [0 0 0 0 0 0 0 0 1 0 0 0 0 0 0 0 0])
  ("@end" .
   [1 1 1 0])
  ("import" .
   [0 0 5 4 1 2])
  ("\n" .
   [1])
  ("@implementation" .
   [0 0 0 1 0 0 0 0 0 0 0 0 0 0 0])
  ("u" .
   [2])
  ("Utils" .
   [0 0 0 0 1])
  ("NSString" .
   [5 0 1 9 0 2 0 0])
  ("encrypt" .
   [0 0 0 3 0 1 0])
  ("encryptSendString" .
   [1 0 0 0 0 0 0 0 1 0 0 0 0 0 0 0 0])
  ("str" .
   [1 0 0])
  ("encryptStr" .
   [1 0 0 0 0 0 0 0 0 0])
  ("toEncryptStr" .
   [4 0 0 0 4 0 0 0 0 0 0 0])
  ("unsigned" .
   [0 0 0 0 1 0 0 0])
  ("c" .
   [3])
  ("CC_MD5_DIGEST_LENGTH" .
   [0 0 0 0 0 0 0 0 3 0 0 0 0 0 0 0 0 0 0 0])
  ("StrLength" .
   [0 0 0 0 0 0 1 0 0])
  ("char" .
   [1 0 0 0])
  ("C" .
   [3])
  ("digest" .
   [0 1 0 0 1 0])
  ("output" .
   [1 0 1 0 0 1])
  ("NSMutableString" .
   [0 0 0 0 0 0 0 0 0 0 1 0 0 0 0])
  ("stringWithCapacity" .
   [0 0 0 0 0 0 0 0 0 0 1 0 0 0 0 0 0 0])
  ("2" .
   [1])
  ("forKey" .
   [0 0 0 1 0 0])
  ("appendFormat" .
   [0 0 0 0 0 0 0 1 0 0 0 0])
  ("@" .
   [5])
  ("cStr" .
   [0 0 1 0])
  ("i" .
   [1])
  ("return" .
   [0 0 0 3 1 0])
  ("s" .
   [2])
  ("struct" .
   [0 0 0 1 0 0])
  ("surroundStrSend" .
   [0 0 0 0 1 0 0 0 0 0 0 0 0 0 0])
  ("strSend" .
   [0 0 0 0 2 0 0])
  ("end" .
   [1 0 0])
  ("stringWithFormat" .
   [0 0 0 0 0 0 0 0 1 0 0 0 0 0 0 0])
  ("startKey" .
   [0 0 0 0 1 0 0 0])
  ("endKey" .
   [0 0 0 0 1 0])
  ("1" .
   [3])
  ("60" .
   [2 0])
  ("case" .
   [1 0 0 0])
  ("AppDelegate" .
   [0 0 0 0 0 2 0 0 0 0 0])
  ("getScreenWidth" .
   [0 0 0 0 0 1 0 0 0 0 0 0 0 0])
  ("getScreenHeight" .
   [0 0 0 0 0 1 0 0 0 0 0 0 0 0 0])
  ("height" .
   [5 0 0 35 3 2])
  ("width" .
   [18 0 11 11 0])
  ("sh" .
   [1 0])
  ("sw" .
   [1 0])
  ("IMP" .
   [0 0 1])
  ("django" .
   [0 0 1 0 0 0])
  ("contrib" .
   [0 0 0 1 0 0 0])
  ("class" .
   [5 0 34 46 1])
  ("Category" .
   [0 0 2 0 1 0 0 0])
  ("admin" .
   [1 0 0 0 0])
  ("ModelAdmin" .
   [0 0 0 0 0 0 1 0 0 0])
  ("list_display" .
   [0 0 0 0 0 0 0 1 0 0 0 0])
  ("querySet" .
   [0 0 0 0 1 0 0 0])
  ("category_id" .
   [0 0 0 0 5 0 0 0 0 0 0])
  ("fill_topic_tree" .
   [0 0 0 0 2 0 0 0 0 0 0 0 0 0 0])
  ("choices" .
   [0 0 1 9 4 0 0])
  ("ipdb" .
   [5 0 9 3])
  ("set_trace" .
   [0 0 0 0 1 3 4 0 0])
  ("name" .
   [2 0 2 0])
  ("sorted" .
   [0 0 0 1 0 0])
  ("key" .
   [2 0 0])
  ("index" .
   [2 0 0 0 0])
  ("choicesSorted" .
   [0 0 0 0 1 0 0 0 1 1 0 0 0])
  ("append" .
   [1 0 0 0 0 1])
  ("url" .
   [9 0 0])
  ("views" .
   [1 0 0 0 0])
  ("singalPageRequest" .
   [0 0 1 0 0 0 0 0 0 0 0 0 0 0 0 0 0])
  ("page" .
   [4 0 0 0])
  ("matchObj" .
   [0 0 0 0 0 1 0 0])
  ("string" .
   [1 0 0 0 0 0])
  ("atoi" .
   [1 0 0 0])
  ("findall" .
   [0 0 0 0 1 0 0])
  ("structList" .
   [0 0 0 0 1 0 0 0 0 0])
  ("script" .
   [3 0 1 1 1 0])
  ("this" .
   [15 0 0 2])
  ("owner" .
   [0 0 1 0 0])
  ("ready" .
   [2 0 0 0 1])
  ("src" .
   [8 0 8])
  ("images" .
   [2 0 0 0 1 1])
  ("png" .
   [4 0 0])
  ("tfeatures" .
   [0 0 0 1 1 0 0 0 0])
  ("span" .
   [47 0 1 0])
  ("clearfix" .
   [1 0 0 5 4 5 1 3])
  ("pad" .
   [1 0 0])
  ("color" .
   [2 0 5 12 5])
  ("styleColor" .
   [1 0 0 0 0 0 2 7 0 0])
  ("div" .
   [96 0 0])
  ("border" .
   [2 0 2 10 2 1])
  ("1px" .
   [8 0 0])
  ("solid" .
   [1 0 2 0 4])
  ("white" .
   [11 0 0 0 0])
  ("borderWhite" .
   [2 0 0 0 0 0 0 0 0 0 0])
  ("DD_roundies" .
   [0 0 1 0 0 0 0 0 0 0 0])
  ("addRule" .
   [1 0 0 0 0 0 0])
  ("true" .
   [0 0 1 0])
  ("5px" .
   [16 0 0])
  ("float" .
   [0 0 2 5 0])
  ("left" .
   [18 0 4 1])
  ("lineH" .
   [4 0 0 0 0])
  ("text-align" .
   [0 0 1 0 7 1 4 7 0 0])
  ("center" .
   [3 0 0 13 0 0])
  ("vertical-align" .
   [0 0 0 5 0 0 0 0 0 0 0 0 0 0])
  ("middle" .
   [1 0 1 0 3 0])
  ("nbsp" .
   [2 0 0 0])
  ("25px" .
   [6 0 0 0])
  ("display" .
   [0 0 0 5 3 0 0])
  ("block" .
   [1 0 2 2 0])
  ("padding" .
   [3 0 0 1 8 0 1])
  ("20px" .
   [13 0 0 0])
  ("href" .
   [5 0 3 4])
  ("style" .
   [16 0 3 3 4])
  ("background" .
   [0 0 0 0 15 0 0 0 2 2])
  ("background-color" .
   [0 0 0 0 1 0 0 0 0 0 0 0 0 5 1 0])
  ("backgroundStyleColor" .
   [0 0 0 0 0 0 0 0 0 0 0 0 2 0 0 0 0 0 0 0])
  ("30px" .
   [3 0 1 0])
  ("50px" .
   [3 0 0 0])
  ("margin-top" .
   [1 0 0 0 1 1 2 0 0 3])
  ("margin" .
   [3 0 0 7 0 1])
  ("10px" .
   [8 0 0 0])
  ("0px" .
   [8 0 0])
  ("margin-right" .
   [1 0 0 1 0 0 0 0 0 4 1 0])
  ("padding-top" .
   [2 0 0 0 0 0 0 0 1 0 3])
  ("line-height" .
   [0 0 0 3 2 1 0 0 0 0 0])
  ("margin-bottom" .
   [0 0 0 0 0 0 0 0 0 2 0 0 0])
  ("閿焅24560" .
   [1 0 0])
  ("3" .
   [1])
  ("lineH25" .
   [2 0 0 0 0 0 0])
  ("divH25" .
   [1 0 0 0 0 0])
  ("pl10" .
   [3 0 0 0])
  ("cancelOrder" .
   [0 0 0 1 1 0 0 0 0 0 0])
  ("cb" .
   [2 0])
  ("both" .
   [1 0 0 0])
  ("fr" .
   [6 0])
  ("mtop" .
   [1 0 0 0])
  ("pr15" .
   [1 0 0 0])
  ("15px" .
   [2 0 1 0])
  ("mr15" .
   [1 0 0 0])
  ("mb" .
   [2 0])
  ("bgColorWhite" .
   [0 0 0 0 1 0 0 0 0 0 0 0])
  ("pt25" .
   [1 0 0 0])
  ("mt5" .
   [12 0 4])
  ("id" .
   [4 0])
  ("liuCheng" .
   [0 0 0 1 0 0 0 0])
  ("874px" .
   [1 0 0 0 0])
  ("flicker" .
   [0 0 0 1 0 2 0])
  ("flicker-example1" .
   [3 0 0 0 0 0 0 0 0 0 0 0 0 0 0 0])
  ("394px" .
   [1 0 0 1 0])
  ("overflow-x" .
   [0 0 0 0 0 0 0 1 0 0])
  ("hidden" .
   [0 0 0 1 0 0])
  ("target" .
   [0 0 0 1 0 0])
  ("_blank" .
   [0 0 0 0 1 1])
  ("window" .
   [2 0 0 0 0 0])
  ("init-js2-mode" .
   [0 0 0 0 0 0 0 1 0 0 0 0 0])
  ("init-rainbow-mode" .
   [0 0 0 0 0 0 0 0 1 0 0 0 0 0 0 0 0])
  ("set-face-attribute" .
   [0 0 0 0 0 1 13 1 2 0 1 2 0 0 0 0 0 0])
  ("mouseenter" .
   [2 0 0 0 0 0 0 1 0 0])
  ("mouseover" .
   [2 0 0 0 0 0 0 0 0])
  ("mouseout" .
   [1 0 0 0 0 1 0 0])
  ("hssy-bottom-box" .
   [0 0 0 0 0 0 0 1 0 0 0 0 0 0 0])
  ("hssy-bottom-left-box" .
   [0 0 0 0 0 0 1 0 0 0 0 0 0 0 1 0 0 0 0 0])
  ("find" .
   [2 0 1 2])
  ("first" .
   [2 0 0 1 0])
  ("slideToggle" .
   [0 0 0 0 0 1 0 0 0 0 0])
  ("rel" .
   [1 0 0])
  ("stylesheet" .
   [0 0 0 0 0 0 0 0 1 0])
  ("jquery" .
   [1 0 1 0 0 0])
  ("pagepiling" .
   [2 0 0 0 0 0 0 0 0 0])
  ("min" .
   [2 0 0])
  ("fullp" .
   [1 0 0 0 0])
  ("jquery-1" .
   [1 0 0 0 0 0 0 0])))
